6.724987383006211239e-01
-9.327166006948083288e-01
3.243007754731324077e-01
4.575614516581079649e-01
-2.445273410525794777e-01
1.320400419712783879e+00
-8.918484190072757389e-01
9.197860481084000339e-01
1.307878789860347002e+00
-4.963861779864848223e-01
-1.056041896686731318e+00
1.366607903788724099e-01
-7.675650267563201012e-01
1.431892332450405814e+00
1.567705936652687315e+00
1.615123175114242970e+00
6.689076039201062862e-01
1.840691191238315705e+00
7.420004354244315037e-01
-2.245506409212071341e-01
8.654582321005047651e-01
-1.168900455929039683e+00
1.562057085159421765e+00
-3.519381101919658583e-01
-1.774514564188341970e-01
-7.494447590949989690e-01
7.162340823942262569e-01
2.781896927365605232e-01
-2.706511846321926651e+00
1.110597891489164990e+00
-9.474228459379024914e-01
-7.058961209548521021e-01
1.468150654362266438e+00
-8.696934193745180508e-01
-1.064973639493707491e+00
5.248000581759343364e-01
-2.907639076368723763e-01
-5.213227759311410692e-01
1.131203051970138151e+00
-1.444596418079208133e+00
-1.949067401363283158e+00
-2.257674541817252245e-01
-1.203147265938536492e+00
8.011716215866454549e-01
9.886623135972545384e-01
-6.723055289822077452e-01
-3.058002324537329120e+00
1.675223449581205060e+00
-9.439471892853850132e-01
8.891417306959633476e-03
4.079549884371610341e-02
-2.890216592827271391e+00
-3.191936948586637235e-01
-6.583019208678586587e-01
-6.514852251678611150e-01
1.224807406789846675e+00
-4.255750734823371406e-01
2.465624790879220041e-01
-3.035446328088997059e-01
-7.936692660115862719e-01
-2.509538836763122172e-01
8.333424327599817660e-01
-6.512773986598999754e-01
7.096351406887885238e-01
-5.579056617427033959e-01
-2.834825253291314850e-01
1.743385701744803729e-01
-9.630421634213937043e-02
1.385551225589519930e+00
-5.863016941393025538e-01
1.007174232646509404e+00
8.776358808067126205e-01
8.791901082305982051e-02
2.652180810430589952e-01
-1.045131104810224754e+00
-5.706669808987853143e-01
6.277190733395334732e-01
3.543962544094493294e-01
7.199614029839001006e-01
-9.861669558831018811e-01
-3.881899085827071327e-01
-1.655309583191131792e-02
4.183402609141652628e-01
2.196600948704169554e+00
2.078550294141260635e-01
5.500929875630019561e-01
-1.741165015552780027e+00
-1.120498969160102802e-03
-1.062326792364851391e+00
-3.050708453349720295e-01
2.047905249820329843e+00
-1.989153608686230257e+00
4.457645219547430870e-01
-7.468726175359037267e-01
4.753117207343657280e-01
4.509077510078889350e-01
-4.162295877361709695e-01
4.497942545665060132e-01
-1.602742539917970666e+00
1.694743222564119023e-01
-1.919421527235659342e-01
1.944436763515990929e+00
1.227178125712753864e+00
-1.126955851301533862e+00
5.143302747837441569e-01
-1.219342378551489858e+00
-4.766636356796765117e-01
-2.259889901261877387e+00
1.630082375031482123e+00
-2.811855993459102532e-01
-2.073852134631566368e+00
-8.618004206290122982e-01
3.014128728803525115e-01
2.596377483387516186e-02
3.460746718337456840e-01
1.020312902870065042e+00
-4.964787144556753740e-02
6.356507759729463913e-01
1.032175201211310123e+00
7.613637307317145941e-01
6.598188594389232664e-01
6.580280242853973893e-02
-1.154171723990716991e+00
1.956695876841956783e-01
-5.165817388567245372e-01
7.967846473079687186e-01
-5.489254912109235995e-01
-9.690704419997978603e-01
-8.470093912058008767e-01
-7.061841306505531879e-01
-1.290654558409094488e+00
9.901340561441591970e-02
-2.253455144754707984e+00
-1.091950796237997734e+00
3.521621711789808540e-01
1.177037456190938913e+00
2.009574908154239392e-01
4.963035821820898641e-01
-7.983255713761608918e-01
2.960370554473436000e-01
4.938514862869476385e-01
-2.786560057189413908e-01
1.475949986397694647e-01
3.460165207440278889e-01
2.055753275300024052e-01
6.265525911655595026e-01
-2.826225267002622776e-01
-8.195345569258100094e-01
2.818684948720954764e-01
5.111678733853696199e-01
5.519232520252506102e-01
1.244900988902685190e+00
1.799480271180420088e+00
-1.816295814040829459e-01
1.246246399547281392e-01
5.341193632365869304e-01
-3.376328172332881294e+00
-5.192559234634400722e-01
1.306015664577180879e-01
-9.803759764192889747e-01
-1.713838887104043529e+00
1.058908324865525330e+00
9.721918501334721185e-02
-1.148953615991832100e+00
1.184258194727248803e+00
-5.971504476496580782e-01
-6.917378911002229624e-02
-7.887967083432554372e-01
8.145139783776464970e-01
-1.937679692291212064e+00
2.485512365982729677e-01
1.674410078099080879e-01
-3.659600349592175839e-01
8.226226803843642368e-03
-8.430017746936538936e-01
-2.465516672996410918e-01
-9.042041910138878813e-02
-2.493022141353658516e-01
-2.001733900311977454e-01
-8.823264103288497306e-01
5.568277474132866667e-01
-7.974048377323382786e-01
-6.098888139208127335e-01
2.875469007518246523e-01
1.462353722066561890e+00
1.951977998122762736e+00
4.022060403185054311e-01
-5.644515423471874183e-01
1.816227951217743997e-01
9.336335075862427502e-01
7.396555793329272488e-01
4.327498340285441669e-01
-4.338398701583161543e-01
-1.324478247901057282e+00
1.656461441583884919e-01
-8.065064885742121437e-01
-5.252464275275264827e-01
-4.710412647089629729e-02
-4.639722645692728742e-01
-5.786970065358945092e-01
1.184707876962327378e+00
7.641035664971330688e-01
-9.447420421941657986e-01
1.813378565155390643e+00
6.538111123127455793e-01
1.454641533432934786e+00
8.674924034033926201e-01
-1.100520157457350656e+00
5.772537136164384020e-01
-6.507873773515042704e-01
-2.950779674467439939e+00
6.130563316531638662e-01
1.928413318084678529e+00
4.038783084928651013e-01
3.981770079578047516e-01
1.957469094326587111e+00
3.646274464846479407e-02
-8.234200797863482357e-01
1.256644666188150516e+00
1.642326848715295773e+00
-8.152036694146720386e-01
4.447461886601289383e-01
-1.957937220789782051e+00
-9.427880660485592479e-01
4.784351034778801526e-01
-4.175094303212821822e-01
6.114044292995043373e-01
-7.537918162045007531e-01
-2.313569603426213206e+00
2.565460061898146016e-01
-9.971009122946730696e-02
5.596350429052976416e-01
-8.168103417616333628e-01
-5.104203754559520911e-01
-7.268150383907315826e-01
2.050836990198711351e+00
3.937244719059572184e-01
-2.041704072712164086e-01
-4.466245269680617636e-01
-8.006881715761621221e-01
-2.145811771049390693e-01
-1.544397744937313632e+00
-3.123645834735044313e-01
-8.738151251067070024e-01
5.398137057693714880e-01
9.375969475839132095e-01
-3.577399492891236710e-01
-1.060194596794652167e-01
1.020442146903401515e+00
-1.091810357432176470e+00
2.875033260919412026e+00
1.345901837923822904e-02
1.928099958260774682e-01
-7.264604322752677978e-01
-6.524888994024893307e-01
-3.333889265441981609e-01
1.370759269480193554e+00
1.176901154302904651e+00
-1.743328726701793618e+00
1.200424871901797363e+00
6.247755872661059362e-01
8.846468830430046504e-01
5.984564509720393666e-01
-1.774818196106332957e+00
9.306010395044395089e-02
-4.215445364377189419e-01
1.917178264973055768e+00
2.100650139820883666e+00
-4.547997208771220046e-01
7.206174948241665656e-02
-1.665613953749850440e-01
6.523056926351266105e-01
-9.400501201729752898e-01
-1.873467319951416687e+00
1.695335427369474512e+00
-4.649138894094228536e-01
1.389188995873116839e-01
-8.144272311693630251e-02
1.109100293543509252e+00
3.022599395145975087e-01
-1.145935080069193424e+00
4.162975281045536158e-01
-5.737541463104093298e-01
9.863662602928816581e-01
1.285340563547833881e+00
3.081758692808015399e-01
-4.781970745490444763e-01
-3.531503151188211120e-01
3.487329659537428683e-01
1.597516282503854690e+00
-3.013588299721566277e-01
-1.260146917660039279e+00
1.202287547323106498e+00
2.013788297229657243e+00
-6.451227465452836762e-01
-1.248105510728671375e+00
1.088626414741944215e+00
-3.330383022609116339e-01
6.041692660388490177e-01
-9.906639880809219312e-01
-5.098952521856752185e-01
5.823267744022728731e-01
4.474059418314036973e-01
-5.193873254914586068e-01
-1.652431299333241732e+00
-2.061508118621014074e-01
9.727075787759263681e-02
-1.508137186608972558e+00
3.464034812224197069e-01
9.653071214623450969e-01
-1.326061364253990460e+00
1.531871472529017897e+00
-6.056195826201794530e-01
-7.000242652831385470e-01
3.773979136937755108e-01
6.501417505923624551e-01
-1.090388708630163794e+00
-5.274249851151028290e-01
2.895029571001876967e-01
6.358330287622099286e-02
-2.137727215652479806e+00
-1.346453046576277401e+00
-6.774982602838210966e-01
-1.389556757797359987e+00
2.770611127932807727e-01
-8.816023991762096390e-01
3.181177399338131484e-01
-1.718870928526873065e+00
5.454694649324320910e-01
1.190265119289903417e+00
-1.126686845073268550e+00
3.668740854004132745e-01
8.555304887185096741e-01
1.924393982799839309e+00
6.676353011108084878e-01
-5.559523795340367558e-01
3.099845128194113342e-02
1.404045671650456129e+00
-1.385147634831010333e+00
5.658663572174900125e-01
1.640367613773630606e-01
1.817298491566257390e-01
8.399193940249093382e-01
5.500886808796548585e-04
-1.250574419286810013e+00
-1.044512084173314204e+00
1.180685251291492488e+00
-7.718387837409076413e-01
-2.153569355892741122e+00
4.443326269308202625e-01
-3.730079202630825486e-01
-6.959828728180172952e-01
-7.157096167058140113e-01
5.717311016987020045e-01
-8.967519408713147122e-01
-1.217482623701549915e+00
-4.308767470051104165e-01
-1.192017343801177853e+00
-1.881942221704398843e+00
1.872196660707804716e-01
-1.213574712805904759e-01
3.030591423458930400e-01
-1.261021930477722375e+00
-7.991137997677068006e-01
-1.221741861737838608e+00
-2.253894723638457387e-01
1.327936531592407876e+00
-1.382875480205198571e+00
-1.707254888606169752e-01
-3.256476322415756686e-01
2.736668839832725464e-01
-5.801688222545250406e-01
-1.121305234268377693e-01
2.502006498103128140e-01
1.007153245010912412e+00
-3.485651409035582238e-01
2.353522207212254358e+00
6.668517208314133082e-01
-2.469059440516865878e-01
2.408971307742517054e-01
-1.483426968655569000e+00
-1.422148952107344266e+00
6.670384880839555497e-02
-9.516650822543212263e-01
-7.209085776450174787e-01
-8.333681171242928176e-01
3.130541291163114748e-01
4.156072253535904037e-01
2.098658962918939608e+00
-1.918028860292944282e+00
4.985289026880566632e-01
3.472590297046628804e-01
1.316346216043564832e+00
1.829525745490433231e+00
-5.106260679210388176e-01
4.531050820730191803e-02
-5.253763786320597706e-01
1.257161987416626436e+00
2.278225783222942891e+00
2.769251252850687406e-01
-1.170846663152214306e+00
2.662825646504792809e-01
2.186291099192594067e-01
8.194516685602127870e-01
-1.109280268910365130e+00
-1.230682259887405872e+00
-2.696564125080938013e-01
-1.317805725619048685e-01
9.666035638547159081e-01
3.423160483706834123e-01
1.876146851379074443e+00
1.373741623254582045e+00
1.005545169184309140e+00
-1.323413694837914656e-01
-2.266792470036139429e-01
-3.254981972833991682e-02
8.480063320423840423e-02
1.196294696082542408e-01
1.965367180056870833e+00
1.399529638727661673e+00
-9.068933042921937249e-01
5.517364710660356275e-01
5.680635884891203080e-01
-6.225616072865387540e-01
-6.090150869523279775e-01
-1.487954862357567798e+00
-6.368355035312500689e-01
1.486897976974540736e+00
1.261446011543912782e+00
7.538175214791255074e-01
4.575760667777465374e-01
-1.911244974785031747e+00
3.760146946302558302e-01
1.161374826564635976e+00
-1.808319696264571730e-01
6.927207170077817056e-01
-1.554762779326060995e+00
-5.357404816311425177e-01
1.249751213934085170e+00
1.100239130284919709e+00
-4.733121481964594479e-01
-3.085160105697714039e-01
7.811156510908855433e-01
-5.785104091158232292e-02
-1.535536556965166222e+00
1.077726558396665535e+00
9.437615505747984912e-01
7.189137373824557031e-02
-1.994431191118676061e+00
-8.712560900616012072e-01
-1.124500262210803569e+00
-7.376847870811176211e-01
7.950900873832809912e-02
5.513713674808485843e-01
8.802606327924639151e-02
-1.013489589834529525e+00
-1.071714637653773838e+00
1.318278192967752283e+00
-1.040422197341157817e+00
-1.494158126896040217e-01
-1.142416304139547867e+00
-1.783027892643168411e+00
7.500577647161587036e-01
-1.031417027018482591e+00
1.524335378603337843e-01
-7.423417277547070814e-01
4.306638978532587592e-01
-5.073855149239093754e-01
-5.986240980970989334e-01
1.688316927744896612e+00
1.628019681599583712e-01
6.316791622026025899e-02
1.834056208149997536e-01
-8.305492614625338554e-02
-3.691434325598949018e-01
4.436558173058759991e-01
1.058307876244626078e+00
1.705419274962264087e+00
2.047186183527055156e-02
4.903434157592025389e-01
-7.809386286032571345e-01
2.478863136014636481e+00
1.521263467569891725e+00
5.629943115407265442e-02
1.379830768283994147e-01
2.020010722264211633e+00
-8.309593974363050917e-01
-1.105416535342124806e+00
-1.523475178148354869e+00
-1.657472311803137810e+00
6.965681133488422772e-01
4.002521541546929379e-02
1.827792133796749319e+00
4.313833520593134407e-01
-7.093695586843892231e-01
2.094105663942689710e-01
-1.028304157304730237e+00
4.283920611527164413e-01
-3.165231799255903700e-01
2.170712432686583426e-02
1.672755511961053487e-01
8.322578981966460843e-01
1.164330847143829173e+00
1.167268329830706275e+00
-2.141723299369225897e-01
-1.117315415516139110e-01
6.202890442680462080e-01
-2.331998786994707640e+00
1.432483868179914854e-01
5.128881068742509042e-01
-3.919678103900300359e-01
-1.263948983495394751e+00
1.221714172476577043e-01
-9.445636091872670059e-01
-1.055504415348234026e+00
-2.026030589580830821e+00
-8.150610489699064987e-01
1.126213133249816867e+00
2.526743070425603310e-01
5.466905217796594885e-01
-1.438187035809283643e+00
1.797008159971838159e+00
1.634957652635604664e-01
-1.652286479394100560e-01
-1.147574801823758373e+00
9.348416850728241689e-02
-6.828648890940830496e-01
1.127341432519902042e+00
1.502617092458684356e+00
-1.729546495172342158e-01
-7.326942351159059230e-01
-4.138832998497808391e-01
3.010135701298704003e-01
-1.337889745520304707e+00
-1.031693200698461377e+00
7.588733207284031890e-01
-1.501206805323477944e+00
6.149559939462680980e-01
4.657003054575921674e-01
3.341118259443463523e-01
-2.871917890362144510e-01
5.719975457316081036e-01
5.899506391487991941e-01
-8.493917384373631529e-01
6.008853419245527849e-01
6.693502464659826234e-01
-1.398689610165861907e+00
-7.356573686962873948e-01
5.942121130468583923e-01
9.537536533370025715e-01
7.996819029982863425e-01
2.045057166904427348e-01
8.913910380826786661e-02
-6.921004805138030180e-01
-1.362922598772559057e+00
-1.386726040766891765e+00
-1.586673986477345477e-01
1.391068068469117347e-01
2.626019700236331689e-01
-9.718503054563771837e-01
-4.984310820409649789e-01
7.089009002910379165e-01
-7.394705229623977916e-01
-1.544164767491239820e-01
1.130789798902144261e+00
-1.827729350244543527e+00
-1.063784424435062270e+00
1.347141360224187956e+00
-7.608625352499066574e-01
-1.401884112555761952e+00
-5.865319999622400360e-01
4.517970520504681620e-01
7.655627624458807845e-02
-3.165691353119182150e-01
1.434168173519837941e+00
-7.264723315107632917e-01
4.423604832684192578e-01
-8.900387410341273897e-01
-1.668025415544273637e-01
-5.376899336187536127e-01
1.358053591695289386e+00
-2.476256064557608438e-01
-1.455775975863815797e+00
-5.508385585267688844e-01
-1.058602857092273197e+00
-7.212536959072622933e-01
-1.460284995192962620e+00
5.155583030773076558e-01
-1.287995327633628229e+00
1.849998550321366286e+00
2.197885305917027937e-02
-1.648374334187713508e+00
-1.654885771817123041e+00
1.311121485055384950e+00
9.081104893343470152e-01
-5.478282633576532223e-01
-1.895929424313735900e-01
1.054476678170626958e+00
5.467919599412234266e-01
6.059034094911199819e-01
7.586298388682571892e-02
-1.118166903306937687e+00
1.240841667972697043e-01
1.901173448066050264e-01
8.034437990041102262e-01
-6.672660290647461911e-01
3.638977921397858195e-02
2.841221843893664278e-01
-7.022792806221639372e-01
6.523761514874589773e-01
3.510383158804883941e-01
7.988592644919738639e-01
-1.583762235400523855e+00
3.494518706432238053e-01
-1.178372034215497965e+00
-5.117250856111948965e-01
-4.230928531816032651e-02
3.435407263435649727e-01
5.200341903857812198e-02
2.654115604372870862e+00
1.431742158785633379e+00
-1.638912014899210456e+00
-6.825264110145506935e-01
8.230338224679529802e-01
-1.209173763669648904e+00
5.726050544170626644e-01
1.935137195921059483e+00
1.691238312670338306e+00
7.116028135472346472e-01
-7.236397587598870640e-01
1.884703958192836870e+00
5.892273172352886501e-01
-2.968097797549112959e-01
1.453309334919245632e+00
-1.267440340267491417e+00
8.450537781910660851e-01
-1.396485695977238706e+00
2.490680875276467532e-01
8.468888399852587678e-01
-1.287427954562301580e-01
5.865640376520454558e-01
5.898430352280162881e-01
-6.240170555269917152e-01
-1.007540559602592811e+00
6.410820705763419225e-01
-8.384656031523471942e-01
-5.696453410938109307e-01
-6.580332172525407142e-01
1.130627908334622900e+00
-1.664907107543912301e-01
-1.558401063080317783e+00
-1.903596710559382343e-01
1.653179652060326743e-01
-1.799650928640022032e-02
1.908952008670707690e+00
6.967957862130512714e-01
9.657736585545505514e-01
-1.921426076804989558e-01
4.588779251101525736e-01
6.534418140048394719e-01
1.631149114343012352e+00
4.197650547089910034e-01
-6.476355445641102104e-01
2.389232897389243493e-01
1.069937921412591475e+00
-1.281923225609539196e+00
9.993331332765094110e-01
-1.463618766276849614e-01
5.286366663292815238e-01
-1.362059704994694975e+00
8.633285319553267723e-01
3.017803783314166877e-01
2.267423930240961838e-01
-3.585408589429641135e-01
1.879117032830474321e-01
1.056190031171893029e+00
-1.582705592017404073e-01
8.680878227560115956e-01
-2.013455092342873731e-01
-6.951064664818543681e-01
5.540334140635399390e-02
3.020205224320756110e-01
-6.312175195875491251e-01
-7.740543223209215284e-01
1.323916627037301508e+00
-1.259554866513323157e+00
3.790779105692328871e-02
-5.216979734700244453e-01
1.301658252986359843e+00
-1.096642420017159614e+00
3.035007212627021667e-01
-1.240182491789386443e+00
-4.007077755126626784e-01
6.085462551611513504e-01
3.650815523339431268e-01
-4.684854629872738929e-01
-4.445106315094602412e-01
6.143290580578584237e-01
4.893012046940987680e-01
4.524044357038910502e-01
2.337780071418608774e+00
8.604858472015515236e-01
-1.083909026682478016e+00
2.402588206029780071e+00
8.819553434516801405e-01
4.177411922435632086e-01
1.084055881554889300e+00
-4.478441861241155286e-01
-1.163883975137137428e-01
-1.400337044545158616e+00
-1.032806276831737202e+00
-7.144223759859761325e-01
1.132194295708739695e-01
-2.291889173419567050e-01
1.135955359100544237e+00
-4.734620165995418600e-02
1.009733690557888197e+00
-1.299393098997591700e+00
-1.918335092876639392e+00
2.377743661911355666e+00
-4.354580694649960448e-01
1.925114503124499277e-01
1.967333191361279932e+00
1.936231093037870332e+00
6.590766066347908403e-01
1.590356731768155951e+00
-9.733875446041989621e-01
8.881136235632539622e-01
-1.086835377399026359e-01
-1.143578532793873004e+00
-1.919452188095293277e+00
1.032225588202007466e-01
-4.531895528567225773e-01
-1.784967389639391389e-01
9.925807662907598639e-01
2.879973951412138633e-01
-1.003062833313866253e+00
2.383350324293106670e+00
2.359466275775863320e-01
-1.766315317674751917e+00
-1.802244007647201052e+00
1.693433215153839821e+00
3.104206583132014252e-01
1.667310528115740320e+00
2.217280825903665598e+00
1.320569972247613300e-01
-4.838660538595668248e-01
-1.831971898715960112e+00
6.191536721529691256e-01
-8.161128464315475783e-01
1.832645600212582604e+00
-1.682139654999680545e+00
6.243502655344040919e-01
-4.098814031229072730e-01
1.215915624244944260e+00
-4.611424973651011006e-01
-5.410866479843087773e-02
-1.253081988991624263e+00
-8.473897091689563954e-01
-1.782377100025683614e+00
-6.466721442410191534e-01
-9.439812583863995687e-01
2.148569888413960349e+00
2.560323107201348813e-01
-6.174775336634357181e-01
-6.313630418768828578e-01
-4.356563027422948320e-01
2.040480813980226404e+00
-7.809546839321259704e-01
1.655470759507549627e-01
4.354546271969635396e-01
1.727030581162385836e+00
5.922343847460921351e-01
-2.671263855852495928e-01
1.909528331801456424e+00
-5.164799199454100931e-01
6.907060695451051613e-01
3.463939458263531335e-01
-7.831185330524934596e-01
6.210758277669344851e-01
-6.166621617827765522e-01
-9.468676186620032798e-02
1.988617829805855441e-01
-1.218245502265168090e-01
-6.734417954565711240e-01
-1.402945796059466010e-01
-5.229364833553544756e-01
8.655924408610837784e-01
-1.827492081202899632e+00
3.692982258033122855e-01
1.431328343495308575e+00
1.519706898757716473e+00
-7.728924104291138297e-01
-9.001324138340935921e-01
1.109397907210789347e+00
-3.094705813156073959e-01
-4.280233521604154268e-01
1.261579601334209322e+00
-8.539556994614061480e-01
-4.591771355923999764e-01
2.050926972708061180e-01
7.482234744885051247e-01
2.169353594754780679e-01
-2.529490753055824159e-01
-4.145539056870306549e-01
8.996428972101470078e-01
-7.406440518017222141e-01
-1.262394272833128328e+00
-4.602629572498987964e-01
2.127504227138539150e+00
5.172035972508781665e-02
-1.764954623481708174e-01
1.085009244562941344e+00
5.730026156716896413e-01
2.938877436776922702e-01
1.869929214444329579e+00
-2.907894866020118152e-01
1.031280216597619953e-01
-8.015707083936824962e-01
7.992096417232920080e-01
3.117665291939933914e-01
-2.173814817986574333e-01
-2.701574569906750600e-01
-5.286679234640077052e-01
8.634238468478332429e-01
-5.119397580534701397e-01
-1.303954148285844994e+00
-1.161782675757920602e+00
1.111272820207456880e+00
3.918821285047885961e-01
1.351431155852755639e+00
-1.232272572066764049e-01
-1.075827631133596529e-01
6.373875886446244143e-01
-6.446389643183266793e-01
-1.052747923574891997e+00
-5.912612120190191382e-03
9.351530696164056522e-01
-1.702381333127220842e+00
1.187828479321772823e+00
-5.759712884074066341e-01
2.512990614010929047e+00
3.177020163190878987e-01
-1.842273970506840552e-01
-1.860813664967429837e+00
1.115250423069349007e-03
-9.670357048464091054e-01
-4.959848497415472179e-01
1.172617243592311675e+00
-1.629926299099590636e+00
1.629411263598095350e-01
2.147239232133864917e+00
3.684906395368581777e-01
5.832109438867792983e-01
-3.078720696667491818e-01
1.899826214234808519e-01
-2.140633260322549525e+00
-1.719126119099611882e+00
6.909992767679357106e-01
-2.272457944582029210e+00
8.964458319497593808e-02
5.942559693733171500e-01
6.182518426632224173e-01
-6.542563014489215512e-01
3.901238816522648589e-01
-6.766028162550677960e-01
1.579249926255793524e+00
-3.613109850429381820e-01
-7.045234523648030711e-01
8.469977377014829001e-01
-7.161351771453555726e-02
-3.433701191403250030e-01
2.172932266401323531e+00
-3.043768563449044673e-01
-1.741469321026378303e+00
-4.760262920598349878e-01
-1.681583282802286083e+00
1.553645605839275579e+00
3.791792364108410585e-01
3.617437251145461663e-01
1.420540279506079751e+00
4.870458127419444172e-01
-9.554586022018461966e-01
-1.231046090092130063e+00
4.701579153191750571e-01
4.942322509600192287e-02
-6.393552271281716104e-01
1.002603958589868283e+00
5.340823004574728472e-01
-1.828256079096517217e+00
1.517489124145783741e+00
1.505708833166100324e-01
-6.034162374244396165e-01
-1.372668530351840888e+00
-7.518468016572169565e-01
-5.560449987465037047e-01
4.418416768953858931e-01
1.478858459262720748e+00
9.974078712540167535e-01
3.471464707328552612e-01
7.502968848775969091e-02
-1.880461524682497942e-01
1.337086367130076114e+00
-2.114580239433572206e+00
1.415743259966741663e+00
4.025882221127706495e-02
-1.537223560273299094e+00
3.565248059242481227e-01
6.736868531428649720e-02
-2.028428131005746149e-01
3.919242907277476484e-01
-1.298863085148334706e+00
-6.419100309020443484e-01
8.682098176768567876e-01
2.170015866902665902e-01
1.406000311358486687e+00
-9.575638846395406745e-01
7.555919132086084122e-01
2.100095848948997090e-01
-6.522822646977991523e-01
-1.050020553935214068e-01
-9.579855263578948010e-01
9.211610505803632387e-01
-1.065841227484161768e+00
-1.208751512825961161e+00
-3.587242600033284379e-02
-1.444424089770394382e+00
-1.389389077435680742e+00
-1.381560526273439171e+00
1.009446853058130644e+00
-7.169535375509279440e-01
-1.820747602105916851e-01
4.989991281125215061e-01
-8.067795830737615193e-01
3.886311389270331595e-01
5.403400537104762619e-03
-6.652141966228911629e-01
-1.769782993752859301e+00
-1.183308941287178340e-02
-9.558462032040531131e-01
-9.405908121876117578e-01
2.935018420383816995e-01
9.009373812127867698e-01
-1.864490799127970222e+00
3.694822047693659961e-01
1.937625330689947967e-01
1.686068442345087792e-01
-4.113396306274670344e-01
7.878603599888909237e-01
5.207953229953566909e-01
-1.154742393395204320e-01
-7.879150290045851268e-02
-5.435608141858072617e-01
1.843208632263745317e-01
2.616318366873552126e+00
-7.708719014509988199e-01
6.710619925361150928e-01
-9.508635873680264528e-01
-1.081066012716965785e+00
8.192008498024013763e-01
9.748431976748869188e-01
5.371500322492942514e-01
4.456628525836450055e-02
-1.376954736097159904e+00
6.239160495070247836e-02
2.720691999985457854e-01
-3.950166141306077350e-01
-1.895718542717533373e+00
2.265869145474198598e-01
-8.381938979495756614e-01
-2.503813035321797997e-01
-6.117781840277923822e-01
1.489780319324698343e+00
-1.035587451748872373e-01
1.986925622431807925e+00
-6.494237975301019317e-01
6.108412982878765884e-01
2.051959941762120446e-02
-7.091221905419081706e-01
1.079539059250748112e+00
-9.163581124970264780e-01
8.799471187575222952e-01
2.327175804245431856e-01
-8.793201262589959155e-01
-5.067677776160025571e-01
9.443362505201332580e-01
-5.152327450914142570e-01
6.667463544404941267e-01
-3.402582159993524091e-01
1.020393643610578271e+00
-5.314554448265186304e-01
1.031631836733950980e+00
1.752155765894197192e-01
6.638081552647836503e-01
1.685213762919917979e+00
-3.852551515454415432e-01
1.912351514414721620e+00
1.512597131627902390e-04
-2.451135792955341230e-01
-7.951960940890593355e-01
